nan
nan
nan
nan
nan
nan
nan
nan
nan
nan
nan
nan
nan
nan
nan
nan
nan
nan
nan
nan
0.5
0.833333
1.1
1.1
0.8
0.758621
1.1
1.1
1.1
1.04348
1.1
1.1
0.862745
1.1
1.1
1.1
1.1
1.05882
nan
0.666667
0.761905
1.1
1.1
0.98
0.9375
0.835294
0.84375
0.950495
1.09434
1.03738
1.09639
1.01538
0.743243
1.06897
1.1
0.857143
1
nan
0.826087
1.1
1.1
0.859375
0.802469
1.03261
1.1
0.937008
0.921986
0.986301
1.1
1.1
1.1
0.825688
0.857143
1.1
0.761905
0.771429
nan
0.894737
1
1.1
0.859155
1.1
1.1
0.869863
0.975309
1.1
1.09375
1.00549
1.08434
0.99359
0.885496
1.04167
1.1
1.1
1.1
nan
1.1
1.07143
1.04478
0.934066
0.959016
1.1
1.1
0.945946
0.959799
0.844
0.910448
0.821256
0.966667
1.1
0.966667
0.714286
0.835821
1.09756
nan
1.1
0.796296
0.853659
1.06316
0.847222
1.03659
1.03846
0.705128
0.61157
0.597173
0.596296
0.926108
1.1
0.977401
1.08955
1.07895
1.1
0.909091
nan
0.857143
1.09804
0.770115
1.08333
0.964789
0.963415
0.825641
0.740909
0.599278
0.595395
0.764228
0.600806
0.814607
0.892216
0.942308
1.04444
0.985915
1.1
nan
0.783784
0.867925
1.01282
0.833333
1.07194
0.810056
0.638095
0.684444
0.592982
0.69281
0.511327
0.603922
0.703704
1.1
0.922619
1.1
0.972222
1
nan
1.1
1.1
1.05128
1.06542
0.909639
1.1
0.59799
0.609053
0.576324
0.667845
0.634146
0.618852
0.679803
0.791262
1.04861
0.855932
1.07042
0.962963
nan
1.05714
0.981481
0.949367
0.896552
1.08333
0.852459
0.515873
0.617761
0.625806
0.649701
0.61745
0.630282
0.637168
1.08791
1.07097
0.980769
1.1
1.1
nan
0.653846
1.1
0.771739
0.96
0.929078
0.981132
0.629268
0.64
0.509025
0.595238
0.664179
0.635556
0.752294
0.851852
1.1
0.72043
0.888889
0.588235
nan
1.1
1.09524
1.1
0.987654
1.06522
0.954545
0.842466
0.721893
0.79235
0.615686
0.651452
0.670051
0.927152
1.1
0.760684
0.802469
1.02
0.810811
nan
1.1
0.676471
0.955556
1.1
0.96
1.08511
1.1
1.03448
0.978873
0.783951
0.704819
0.992754
1.01869
0.905172
1.1
1.01887
1.05
1.1
nan
0.789474
0.444444
1.05882
1.1
0.881356
1.1
0.873563
1.05
1.05405
0.84
0.977099
1.05
0.989474
1.1
0.927536
1.1
1.1
0.681818
nan
0.833333
0.923077
1.04348
0.972222
1.1
0.982143
1.05172
0.770115
0.885057
0.895238
1.1
1.1
0.828571
0.794118
0.811321
0.870968
0.724138
0.846154
nan
1.1
0.733333
1.04348
0.833333
1.04
0.764706
1.1
1.1
0.907407
1.1
0.803922
1.1
1.1
0.833333
0.961538
1.1
1.1
1.1
nan
0.166667
0.636364
0.636364
1
1.1
1.1
0.83871
1.1
0.666667
0.935484
0.555556
0.83871
1.1
1.1
1.1
0.588235
1.1
0.25
nan
0
0
0.333333
1.1
0.545455
1.1
1.1
1.1
1.1
0.434783
0.857143
1
0.461538
0.818182
0.785714
1.1
1.1
1.1
