nan
nan
nan
nan
nan
nan
nan
nan
nan
nan
nan
nan
nan
nan
nan
nan
nan
nan
nan
nan
1.08333
1.1
1.1
0.913043
0.633333
0.741379
1.1
1.1
1.01852
1.1
1.1
1.05172
1
1.1
0.944444
1.1
0.875
0.588235
nan
0.75
0.714286
0.954545
1.1
0.88
1.1
1.02353
1.1
1.0099
1.1
0.915888
0.987952
1.1
0.824324
1
0.947368
1.1
0.736842
nan
0.695652
1.1
1.1
1.01562
1.02469
1.03261
1.1
0.937008
0.921986
0.89726
1.02308
1.1
1.09278
0.899083
0.916667
1.1
0.880952
0.628571
nan
1.1
0.944444
1.1
1
1.04938
1.0566
0.890411
1
0.940476
1.09375
0.928571
1.07831
0.903846
0.954198
1.05208
0.934426
0.886364
0.903226
nan
1.1
0.833333
1.08955
0.879121
1.04098
1.1
1.1
1.01622
1.02513
0.888
0.900498
0.830918
0.85
0.984127
1.075
0.869048
0.820896
0.560976
nan
0.827586
0.685185
1.09756
0.863158
0.729167
0.871951
1.04396
0.641026
0.590909
0.60424
0.52963
0.73399
0.884817
0.943503
1.09701
1.1
1
1.09091
nan
0.628571
0.960784
0.931034
1.02778
1.08451
1.09146
0.774359
0.595455
0.552347
0.588816
0.654472
0.58871
0.932584
1.1
0.955128
1.05556
1.1
1.1
nan
0.675676
1.1
0.884615
0.904762
1.01439
0.972067
0.642857
0.533333
0.470175
0.522876
0.488673
0.529412
0.75
1.01863
0.886905
1.0404
1
0.673077
nan
1.1
1.0625
0.961538
1.08411
0.945783
1.07407
0.542714
0.366255
0.380062
0.438163
0.351916
0.422131
0.605911
0.839806
1.08333
1.0339
0.971831
0.944444
nan
1.1
1.1
1.1
0.887931
1.02778
0.978142
0.444444
0.274131
0.277419
0.296407
0.42953
0.306338
0.575221
1.01648
0.987097
1.08654
1.1
1.1
nan
0.769231
0.972222
0.684783
0.97
0.93617
0.955975
0.37561
0.324444
0.227437
0.258503
0.276119
0.351111
0.518349
0.820106
0.985185
0.978495
0.904762
0.823529
nan
1.1
0.904762
1.1
0.839506
1.1
0.954545
0.863014
0.538462
0.284153
0.227451
0.286307
0.42132
0.933775
1.1
1.04274
0.814815
0.9
0.891892
nan
1.1
1.1
0.955556
1.1
1.06667
0.968085
1.1
0.786207
0.697183
0.469136
0.753012
0.913043
1.1
0.758621
1
1.0566
0.925
1.1
nan
0.526316
1.07407
0.705882
1.1
0.881356
1.1
0.850575
1.09
0.954955
0.664
0.793893
1.08
1.04211
1.1
1.1
1.04082
1.1
1.1
nan
1.1
0.807692
0.782609
0.805556
1.1
0.892857
0.982759
0.735632
0.850575
0.619048
1.1
1.1
0.757143
0.647059
0.886792
0.935484
0.689655
1
nan
1.1
0.933333
0.26087
0.583333
1.1
1.1
1.1
1.1
0.814815
1.1
1.1
1
1.1
1.1
1.1
1.1
1.1
1.1
nan
0.833333
0.909091
0.909091
1
1.1
1.05556
0.806452
1.08333
1.1
0.580645
0.888889
0.774194
0.909091
1.05882
0.666667
0.882353
0.857143
0.75
nan
1
0.8
1
1.1
0.818182
1.1
1.1
1.1
1.1
0.478261
0.904762
0.454545
0.692308
1.1
0.642857
1
0.666667
1
