nan
nan
nan
nan
nan
nan
nan
nan
nan
nan
nan
nan
nan
nan
nan
nan
nan
nan
nan
nan
0.25
1.08333
1.09091
1.1
1
0.637931
1.1
1.1
1.1
1.1
1
1.06897
1.1
1.1
0.75
1.1
0.75
0.588235
nan
0.583333
0.714286
1.1
1.1
0.84
1.1
1.03529
0.927083
1.0198
1.04717
1.1
0.987952
1.1
0.810811
0.775862
1.1
1.1
1.1
nan
0.826087
1.08333
1.1
0.96875
0.938272
0.891304
0.989583
0.661417
1.02128
1.07534
1.04615
1.1
1.1
0.743119
1.03571
1.1
0.666667
0.542857
nan
1.1
1.08333
1.1
0.929577
1.1
0.933962
0.876712
0.969136
1.04762
0.90625
1.1
0.801205
0.833333
0.793893
1.1
0.934426
1.1
0.806452
nan
0.941176
1.1
0.835821
0.758242
0.901639
1.1
1.1
0.875676
0.994975
0.836
1.04478
0.898551
0.877778
1.1
1.08333
1.1
0.80597
0.878049
nan
0.931034
0.722222
0.804878
0.989474
0.909722
1.05488
0.912088
0.773504
0.623967
0.749117
0.707407
0.881773
0.926702
0.864407
0.955224
1.1
0.916667
0.931818
nan
1.02857
1.07843
0.804598
1.1
0.93662
1.03659
0.887179
0.790909
0.642599
0.536184
0.658537
0.641129
0.904494
1.0479
0.961538
0.933333
1.01408
1.1
nan
1.02703
0.830189
0.923077
0.896825
1.09353
0.988827
0.642857
0.435556
0.37193
0.437908
0.333333
0.470588
0.773148
1.04969
0.982143
1.0303
0.833333
1.07692
nan
1.1
1.1
1.1
1.1
0.861446
1.01852
0.41206
0.325103
0.286604
0.328622
0.268293
0.385246
0.522167
0.791262
1.04861
1
1.05634
0.944444
nan
1.1
1.1
1.08861
1.01724
1.1
0.961749
0.337302
0.289575
0.264516
0.293413
0.281879
0.257042
0.424779
1.07143
1.05806
0.951923
1.07692
1
nan
1.1
0.972222
0.836957
1.05
0.815603
1
0.492683
0.324444
0.274368
0.302721
0.227612
0.235556
0.545872
0.698413
1.0963
1.09677
0.904762
0.705882
nan
1.1
0.547619
1.1
0.790123
1.1
0.962121
1.0137
0.426036
0.278689
0.207843
0.26971
0.451777
0.89404
1.1
0.948718
0.851852
1.1
1.02703
nan
1.1
0.647059
1.1
0.907407
1.05333
0.882979
1.1
0.724138
0.78169
0.537037
0.73494
0.891304
1.1
0.827586
1.1
1.1
0.975
1.1
nan
0.631579
0.740741
0.852941
1.1
0.966102
1.1
1.1
1.09
0.936937
0.76
0.824427
1
0.947368
0.985714
0.855072
0.816327
1.1
0.863636
nan
0.833333
0.653846
1.1
0.888889
0.723404
0.892857
1.1
0.724138
0.965517
0.619048
1.1
0.969231
1.05714
0.75
0.754717
0.870968
0.586207
0.692308
nan
1.1
0.466667
0.73913
0.791667
1.1
0.970588
1.1
1.1
0.925926
1.07692
0.843137
1.1
1.1
1.1
0.846154
1.1
1.1
1
nan
0.666667
0.636364
0.636364
1.1
1.1
1.1
0.741935
1.1
0.818182
0.774194
0.777778
0.645161
0.954545
1.1
1.04762
0.470588
0.714286
0.75
nan
1.1
1.1
0.555556
1.1
0.727273
0.571429
1.1
1.1
1.1
0.652174
0.52381
0.727273
0.769231
0.727273
0.571429
1.1
1.1
0.5
