nan
nan
nan
nan
nan
nan
nan
nan
nan
nan
nan
nan
nan
nan
nan
nan
nan
nan
nan
nan
0.0833333
0.583333
0.636364
1.1
0.966667
0.62069
1.08696
1.1
1.1
1.1
1.1
0.913793
1.03922
1.1
0.972222
1.1
0.9375
0.588235
nan
1.1
1.1
1.1
1.1
0.86
0.8125
0.952941
0.989583
0.891089
1.07547
1.1
1.1
1.1
0.702703
0.982759
0.921053
1.1
0.947368
nan
0.608696
1.1
1.1
0.9375
0.703704
1.04348
1.05208
1.09449
0.978723
1.1
1.04615
1.06897
1.01031
0.825688
1
0.897959
0.952381
0.514286
nan
0.947368
1.05556
1.1
1.1
1.08642
1.03774
0.910959
0.901235
1.0119
1.1
1.00549
1.04819
0.852564
0.755725
0.875
0.983607
1.1
0.774194
nan
1.1
0.904762
1.1
1.1
1.04098
1.1
1.1
0.951351
1.03015
0.864
0.960199
0.917874
0.927778
1.05556
1.1
1.1
0.686567
1
nan
0.896552
0.888889
0.768293
0.842105
0.798611
0.926829
0.945055
0.709402
0.677686
0.717314
0.566667
0.891626
1.04712
0.864407
0.88806
1.1
1.1
0.75
nan
0.771429
0.803922
0.988506
0.962963
1.00704
0.908537
0.830769
0.672727
0.574007
0.641447
0.626016
0.568548
0.780899
1.01198
0.929487
1.1
0.690141
1.05556
nan
0.972973
1.07547
1.03846
0.84127
1.07194
1.0838
0.62381
0.711111
0.557895
0.683007
0.566343
0.643137
0.662037
1.1
1.07143
1.06061
0.986111
1.1
nan
0.933333
1.08333
1.1
1.1
0.849398
0.975309
0.643216
0.683128
0.470405
0.713781
0.707317
0.606557
0.650246
0.917476
1.1
0.881356
1.01408
0.833333
nan
0.971429
1.1
1
0.862069
0.979167
0.879781
0.547619
0.640927
0.574194
0.556886
0.597315
0.588028
0.597345
0.945055
0.96129
1.1
0.938462
1.1
nan
1.1
1.02778
0.652174
0.86
0.964539
0.861635
0.756098
0.608889
0.552347
0.639456
0.589552
0.635556
0.651376
0.820106
0.955556
0.88172
0.984127
0.882353
nan
1.1
0.97619
1.1
0.851852
1.1
0.795455
0.945205
0.816568
0.770492
0.619608
0.564315
0.720812
0.860927
1.1
0.923077
0.950617
1
0.972973
nan
0.846154
1.02941
0.866667
1.05556
1.1
0.882979
1.1
0.931034
0.978873
0.820988
0.837349
1.02899
0.934579
1.07759
1.08642
1.1
1.075
1.1
nan
0.368421
0.555556
1.05882
1.1
1.1
1.1
1.02299
0.84
0.810811
0.912
0.709924
1.02
0.789474
0.942857
1.1
0.795918
0.961538
1
nan
1.1
0.769231
1.1
0.944444
1
0.910714
1
0.735632
0.908046
0.67619
1.1
1.1
0.828571
0.779412
0.754717
0.709677
0.62069
1.1
nan
1.1
0.466667
1.1
0.875
1
1.1
1.1
1.1
1.1
1.1
0.960784
0.979592
0.846154
0.972222
1.1
1.1
1.1
1.1
nan
0.5
0.454545
1.09091
0.916667
1
1.1
0.709677
1.1
0.939394
1
0.638889
1.1
1.1
1.05882
0.619048
0.941176
1
1.1
nan
1
0.4
0.555556
1
0.818182
1.1
1.1
1.1
0.8125
0.652174
0.52381
0.590909
1
1.09091
0.928571
1.1
1.1
1
