nan
nan
nan
nan
nan
nan
nan
nan
nan
nan
nan
nan
nan
nan
nan
nan
nan
nan
nan
nan
0.416667
0.5
0.954545
1
1
0.706897
1.06522
1
1.05556
1.05797
1
1.03448
0.882353
1
1
0.722222
0.8125
0.764706
nan
0.916667
1.09524
1
1
0.92
1.03125
0.835294
0.947917
1.06931
1.01887
1.01869
0.987952
1
0.797297
1
0.973684
1
0.684211
nan
0.434783
0.583333
1
0.90625
0.901235
0.945652
0.833333
0.76378
0.886525
0.979452
1.01538
1.06034
1.02062
0.880734
1
1
0.809524
0.542857
nan
1
0.805556
1
0.887324
1
1
0.849315
1
0.910714
1.01562
1
0.849398
0.903846
0.847328
1
1
1
1
nan
1
1.09524
0.850746
0.692308
0.795082
1
1
1.00541
1
0.956
1
0.835749
0.827778
1
1.03333
0.857143
0.761194
0.609756
nan
1
0.907407
0.902439
0.926316
0.819444
1.01829
1.07692
0.944444
1.08678
1.00707
0.918519
1.02956
0.86911
0.870056
1
1
1
1
nan
1.08571
0.901961
0.931034
1.05556
0.957746
0.993902
0.789744
0.895455
0.805054
0.970395
1.04472
0.927419
1.07303
1.01198
0.935897
0.988889
0.887324
1
nan
1.02703
0.811321
1
0.984127
0.942446
0.871508
1.07143
1
1
1
1.06796
0.894118
0.962963
0.950311
1
0.959596
1.09722
1
nan
1
0.916667
1
1
0.927711
1.06173
1.05528
1.06173
0.797508
1
0.905923
0.963115
1
0.92233
1
0.830508
0.760563
0.962963
nan
0.942857
1
1
1.01724
0.979167
1.06011
0.884921
0.911197
1.07742
1.02395
0.973154
0.908451
1.04425
1
0.980645
1.05769
1
1.08333
nan
1
1
0.913043
1.03
0.914894
0.968553
1.02927
0.893333
0.927798
0.891156
1
1.00444
0.825688
0.94709
1.02222
1.01075
1.04762
1.09804
nan
1
1.07143
1
0.91358
1.07609
1
1.0411
1.00592
1
0.894118
0.879668
0.766497
1
1.09174
0.769231
0.753086
1.08
1
nan
1
0.794118
0.955556
0.907407
1.04
0.904255
1
0.882759
1.09859
1
1.09036
1.02899
1
0.844828
0.864198
1.0566
0.975
1
nan
0.315789
0.814815
1.05882
1
1
1
0.965517
1
1
1
1.01527
0.97
1.08421
0.942857
1.04348
1.02041
0.884615
0.727273
nan
1
0.615385
0.956522
0.861111
0.765957
1
0.982759
0.827586
0.873563
0.952381
1
1
0.842857
0.691176
0.773585
0.967742
1.06897
1
nan
1
0.4
0.695652
0.916667
0.84
1
1
1
0.740741
1
1
1
1.02564
1
1
1
0.909091
1
nan
1
0.363636
0.909091
1
0.764706
1
0.677419
0.833333
0.969697
1
1
0.677419
0.954545
1
1.04762
0.823529
1
0.625
nan
0
0.4
0.444444
1
0.636364
1
1
1
0.9375
0.782609
1.04762
0.590909
0.923077
0.818182
0.785714
0.857143
0.666667
0
