-nan
-nan
-nan
-nan
-nan
-nan
-nan
-nan
-nan
-nan
-nan
-nan
-nan
-nan
-nan
-nan
-nan
-nan
-nan
-nan
0.75
1
1.04545
1
1
0.672414
0.913043
1
1
1.02899
1
1
1.03922
1
1.08333
1
0.875
0.705882
-nan
1
0.952381
1.09091
1
1.04
0.78125
0.8
0.958333
0.792079
0.95283
0.869159
1.06024
0.923077
0.810811
0.87931
1
1
1.05263
-nan
0.869565
1
0.970588
0.78125
0.790123
1.05435
1
0.952756
0.929078
1
1
1
1.09278
1.09174
0.892857
1.04082
0.904762
0.514286
-nan
0.842105
1
1
0.943662
1
0.933962
0.89726
0.969136
1
1.01562
1.06593
0.903614
0.942308
0.793893
1.04167
0.901639
0.795455
0.967742
-nan
1
0.833333
0.985075
0.978022
1.0082
1
1
0.951351
0.939698
0.856
0.965174
0.942029
0.916667
0.960317
1.025
0.869048
0.761194
0.97561
-nan
0.931034
0.796296
0.97561
0.842105
0.861111
0.79878
1.03297
0.735043
0.599174
0.639576
0.622222
0.896552
0.931937
0.898305
0.977612
1.02632
0.8125
0.886364
-nan
1
0.941176
0.816092
0.87963
1
0.926829
0.697436
0.709091
0.555957
0.592105
0.780488
0.58871
0.926966
0.892216
0.929487
1
0.887324
1
-nan
0.810811
1.03774
1.02564
0.730159
1.02158
0.960894
0.719048
0.56
0.494737
0.53268
0.504854
0.501961
0.708333
1
0.958333
0.878788
0.916667
0.807692
-nan
1
0.958333
1.07692
1
0.837349
1
0.663317
0.440329
0.361371
0.466431
0.404181
0.47541
0.561576
0.854369
1.04167
0.923729
0.971831
0.907407
-nan
1
0.851852
1
0.896552
1.02778
0.868852
0.400794
0.389961
0.309677
0.317365
0.35906
0.320423
0.570796
0.93956
1
0.894231
1
1
-nan
0.961538
1
0.923913
1.06
0.858156
0.886792
0.507317
0.351111
0.32852
0.265306
0.283582
0.342222
0.555046
0.94709
1
1
0.761905
1
-nan
1
0.785714
1.04
1.01235
1
0.931818
0.90411
0.443787
0.398907
0.266667
0.26971
0.467005
0.966887
1.07339
0.871795
0.790123
1.02
1
-nan
1
0.882353
1
0.888889
1
0.989362
1
0.889655
0.915493
0.611111
0.680723
0.963768
1
0.853448
1.08642
0.754717
1
1
-nan
0.684211
0.888889
0.941176
1
0.711864
1
1
1.08
1.00901
0.704
0.938931
1
0.957895
1
1.05797
1.06122
1
0.909091
-nan
1
0.576923
1
1
0.829787
0.964286
1.08621
0.91954
1
0.647619
1.01408
1
0.942857
0.75
0.90566
0.903226
0.517241
1
-nan
1
0.666667
0.608696
0.708333
1
1
1
1.04762
0.981481
0.974359
1.07843
0.959184
0.871795
0.805556
1
0.888889
1
1
-nan
0.666667
0.818182
0.545455
1
0.705882
1
0.516129
1
0.878788
1.09677
0.861111
1.06452
1
1
0.761905
1
1
1
-nan
1
0.6
0.888889
0.6
0.636364
1
1
1
1
0.521739
0.619048
0.863636
1
0.727273
0.428571
0.285714
1
1
