-nan
-nan
-nan
-nan
-nan
-nan
-nan
-nan
-nan
-nan
-nan
-nan
-nan
-nan
-nan
-nan
-nan
-nan
-nan
-nan
0.5
1.08333
0.681818
1
1.06667
0.724138
1
1
1
1.01449
1
1.05172
0.980392
1
0.916667
1
1
0.764706
-nan
1
0.619048
1
1
0.9
0.90625
0.682353
1.03125
1.08911
1
1.00935
1
1
0.810811
0.827586
1
1.09524
1
-nan
0.956522
1
1
0.828125
1
0.967391
1
0.897638
1.01418
1.02055
1.09231
1.08621
1.07216
0.807339
0.904762
1
0.642857
0.828571
-nan
1
1.08333
1
0.788732
0.851852
1
0.849315
1.09259
1.05357
1
1.03846
1.00602
0.846154
0.801527
0.927083
0.967213
1
0.935484
-nan
1
0.761905
0.820896
0.956044
0.819672
1
1.02158
1.01081
1.01508
0.828
1.08458
0.971014
0.883333
1.07143
0.95
0.952381
0.820896
0.95122
-nan
0.931034
0.851852
0.878049
0.884211
0.770833
0.945122
0.994505
0.675214
0.603306
0.713781
0.685185
0.842365
0.963351
0.847458
1.08955
1
1
0.818182
-nan
0.657143
1
0.850575
0.953704
0.922535
0.95122
0.753846
0.663636
0.574007
0.661184
0.601626
0.705645
1.05056
1.04192
0.858974
1
0.887324
1
-nan
0.837838
0.962264
0.961538
0.857143
1.05755
0.960894
0.714286
0.555556
0.477193
0.53268
0.485437
0.513725
0.634259
0.968944
0.875
1
0.930556
0.903846
-nan
1
1.0625
0.923077
0.88785
0.921687
0.975309
0.59799
0.436214
0.339564
0.374558
0.432056
0.45082
0.625616
0.917476
1
0.974576
1
0.888889
-nan
1.08571
1.09259
1
0.922414
0.9375
1.0929
0.503968
0.378378
0.383871
0.314371
0.362416
0.334507
0.517699
0.868132
1.07742
0.826923
0.953846
1.04167
-nan
1
1
0.771739
0.93
0.836879
0.886792
0.492683
0.377778
0.216606
0.241497
0.291045
0.333333
0.550459
0.936508
1.07407
1
0.920635
1.01961
-nan
1
0.952381
1
0.962963
1.08696
0.787879
0.828767
0.455621
0.42623
0.223529
0.228216
0.446701
0.966887
1
1
1
0.96
0.837838
-nan
1
1
1
1.03704
0.96
0.978723
1
0.813793
0.816901
0.530864
0.710843
0.811594
1
0.801724
1
1.09434
1
1
-nan
0.947368
0.814815
1.05882
1
1.01695
1
1
1.04
1.02703
0.8
0.801527
1
0.778947
0.928571
0.927536
0.857143
1
0.454545
-nan
1
0.538462
0.956522
1
0.893617
1.03571
1.03448
0.747126
0.931034
0.571429
1
1
0.785714
0.941176
0.886792
0.774194
0.586207
0.769231
-nan
1
0.733333
1
0.916667
1
1.02941
0.9375
1
0.777778
0.948718
1.03922
0.816327
0.974359
1
1
1
1
1
-nan
0.5
0.545455
1.09091
0.75
1
1
0.645161
1.04167
1
0.935484
0.861111
1
1
1
0.952381
1
1
0.5
-nan
1
1
0.666667
1
0.727273
1
1
0.857143
1.0625
0.565217
0.761905
0.590909
1
1.09091
1
1
1
0.5
