nan
nan
nan
nan
nan
nan
nan
nan
nan
nan
nan
nan
nan
nan
nan
nan
nan
nan
nan
nan
0.583333
1.1
0.727273
1.1
1.1
0.603448
1.1
1.1
1.1
0.956522
1.06897
1
0.921569
1.1
0.916667
1.1
1.1
0.647059
nan
1.1
1
1.1
1.1
1.06
0.96875
0.835294
0.802083
0.970297
1.04717
1.04673
0.939759
1.03077
0.878378
0.982759
0.868421
1.1
0.894737
nan
0.521739
0.916667
1.08824
0.859375
0.975309
1.1
1.07292
0.874016
1.04255
1.1
1.1
0.974138
1.1
0.844037
0.845238
1.08163
0.809524
0.657143
nan
1.1
1
1.1
0.957746
1.1
1.1
0.924658
0.919753
0.988095
1.02604
1.01099
1.04819
0.980769
0.740458
0.958333
1.1
0.772727
1.1
nan
1.1
0.880952
1
0.912088
0.852459
1.1
1.1
0.794595
0.834171
0.896
0.935323
0.855072
0.905556
1
0.833333
1.07143
0.791045
0.902439
nan
0.896552
0.907407
0.756098
0.957895
0.881944
1.0122
0.934066
0.717949
0.632231
0.628975
0.711111
1.01478
1.01571
0.887006
0.895522
1.1
1.08333
1.1
nan
0.942857
1.1
1.09195
1.06481
1.07042
0.920732
0.753846
0.636364
0.606498
0.625
0.593496
0.637097
0.904494
0.91018
0.987179
1.07778
0.957746
0.972222
nan
0.72973
1.1
1.1
0.865079
1.00719
1.02793
0.538095
0.528889
0.424561
0.53268
0.420712
0.552941
0.782407
1.01242
0.809524
0.969697
0.680556
0.980769
nan
1.1
1.1
1.07692
1.1
0.855422
1.1
0.562814
0.395062
0.333333
0.434629
0.449477
0.422131
0.665025
0.907767
0.965278
0.898305
0.957746
0.87037
nan
0.971429
1
1.05063
1.09483
1.1
0.907104
0.361111
0.316602
0.245161
0.266467
0.291946
0.271127
0.539823
0.934066
1.09032
1.03846
1.03077
0.854167
nan
0.961538
1.1
0.804348
0.91
0.879433
0.805031
0.478049
0.271111
0.245487
0.214286
0.328358
0.324444
0.587156
0.751323
1.06667
1.01075
1.01587
0.803922
nan
1.1
0.761905
1.02
0.876543
1.1
1.02273
0.863014
0.485207
0.322404
0.254902
0.315353
0.451777
0.94702
1.1
0.965812
1.04938
0.92
0.891892
nan
1.1
1.1
1.04444
0.925926
1.02667
1
1.1
0.862069
0.704225
0.549383
0.728916
0.782609
1.1
0.732759
0.938272
1.03774
0.775
1.1
nan
1.1
0.555556
1.08824
0.945946
1.1
1.1
0.988506
0.85
1.05405
0.656
0.824427
0.85
0.715789
1.05714
1.08696
0.673469
1.1
1.1
nan
1.1
0.538462
1.1
0.861111
0.787234
0.946429
1.1
0.701149
0.758621
0.504762
1.07042
1.1
1
0.691176
0.735849
0.967742
0.413793
1
nan
1.1
0.533333
0.782609
1
1.04
0.823529
1.1
1.1
1.01852
1.1
1.09804
0.77551
1.1
1.1
1.07692
0.722222
1.1
1.1
nan
0.5
0.363636
0.909091
0.666667
1
1.1
0.903226
1.1
0.848485
1.06452
1.08333
1.1
1.1
1.05882
1.09524
0.823529
1.1
1
nan
0
0.8
0.555556
1
0.909091
1.1
1.1
1.1
0.9375
0.565217
0.761905
0.954545
1.1
1
0.857143
0.857143
1.1
0.5
