nan
nan
nan
nan
nan
nan
nan
nan
nan
nan
nan
nan
nan
nan
nan
nan
nan
nan
nan
nan
0.833333
0.916667
0.636364
1.1
1.1
0.844828
1.02174
1.1
1.1
1.05797
0.965517
1
1.1
1.1
1.1
0.722222
0.875
0.647059
nan
0.75
0.714286
1.1
1.1
1.04
0.84375
1
0.8125
1.0495
1.04717
0.971963
0.975904
0.984615
0.878378
1
0.894737
1.1
1.1
nan
0.913043
0.958333
1.1
0.828125
1.01235
0.858696
1.1
0.984252
1.1
0.965753
1.1
1.1
1.03093
0.853211
0.952381
0.959184
0.595238
0.742857
nan
1.1
0.972222
1.1
0.873239
1.1
1.1
0.952055
1.05556
0.97619
1.02083
1.01648
0.993976
0.916667
0.931298
0.947917
0.934426
1.1
0.83871
nan
1.1
0.833333
0.835821
1.06593
0.860656
1.1
1.1
1.04865
1.02513
0.948
1.02985
1.04348
0.916667
1.1
1.025
1.1
0.761194
1.02439
nan
1.06897
0.833333
0.817073
0.957895
0.805556
0.932927
1.00549
0.683761
0.607438
0.480565
0.474074
0.773399
0.937173
0.864407
0.947761
1.1
1.1
0.613636
nan
0.857143
1.01961
0.827586
1
1.06338
0.987805
0.702564
0.413636
0.296029
0.296053
0.439024
0.447581
0.780899
0.916168
0.987179
0.988889
0.901408
1.1
nan
0.918919
1.03774
1.07692
1.00794
1.1
0.804469
0.409524
0.257778
0.235088
0.261438
0.220065
0.309804
0.564815
1.00621
0.910714
1.06061
0.916667
1
nan
1.03333
1.0625
0.948718
1.1
0.807229
0.993827
0.361809
0.251029
0.214953
0.208481
0.250871
0.221311
0.364532
0.898058
1.1
0.805085
1.07042
1.1
nan
1
0.87037
1.1
0.862069
1.1
0.814208
0.289683
0.181467
0.190323
0.212575
0.218121
0.221831
0.371681
0.983516
0.967742
1.1
1.1
0.916667
nan
1.1
1.1
0.793478
0.95
1
0.955975
0.497561
0.208889
0.166065
0.22449
0.253731
0.217778
0.5
0.798942
1.01481
0.956989
0.984127
0.803922
nan
0.833333
1.07143
1.1
1.07407
0.978261
1.01515
0.828767
0.550296
0.234973
0.239216
0.253112
0.426396
0.927152
1.06422
0.863248
0.790123
1.08
1.1
nan
1.1
0.852941
0.911111
1.09259
1.1
1.06383
1.1
0.827586
0.84507
0.432099
0.692771
1.02899
1.06542
0.775862
1.04938
1.1
1.1
1.1
nan
0.368421
0.777778
1.1
1.05405
0.864407
1.1
1.05747
1.1
0.90991
0.736
0.854962
1
0.757895
0.8
1.07246
0.836735
1.1
1
nan
1.1
0.576923
0.913043
1.05556
0.914894
1.07143
0.913793
0.781609
0.758621
0.580952
1.1
1.07692
0.9
0.838235
1.03774
0.870968
1.1
1.1
nan
1.1
0.8
0.782609
0.583333
1.1
1.1
1.0625
1.1
0.888889
1.1
1.1
0.918367
1.1
1.1
1.1
1.1
1.1
1.1
nan
0.166667
0.636364
0.818182
1.1
1
1
0.580645
1.1
1.0303
1.09677
0.916667
0.967742
1.1
1.1
0.857143
0.764706
1
0.875
nan
1.1
0.2
0.444444
1.1
0.454545
1.1
1.1
1.1
1.1
0.478261
0.809524
0.727273
1.1
0.727273
0.642857
0.857143
1.1
0.5
