nan
nan
nan
nan
nan
nan
nan
nan
nan
nan
nan
nan
nan
nan
nan
nan
nan
nan
nan
nan
0.916667
1
0.863636
1
1
0.706897
1.08696
1
1
1
1
1
0.960784
1
1
0.777778
1
0.529412
nan
1
1
1
1
0.88
1.09375
0.905882
0.791667
0.990099
0.990566
1
0.939759
1.09231
0.851351
1
0.842105
0.714286
0.684211
nan
0.826087
0.916667
1.02941
0.796875
0.851852
0.934783
1.0625
0.818898
0.992908
1
1.06154
1.09483
1
0.880734
0.75
1
0.928571
0.571429
nan
0.894737
0.972222
1
0.84507
1
1.0283
0.917808
1.00617
1
1
1.05495
1.06024
0.910256
0.862595
1.08333
0.901639
0.863636
1.06452
nan
1.05882
1.07143
0.80597
0.956044
0.885246
1
1.08633
1
0.884422
0.764
1.00498
0.84058
0.922222
0.936508
1.06667
0.714286
0.761194
1
nan
0.931034
0.777778
0.768293
0.821053
0.833333
1.03659
0.901099
0.568376
0.338843
0.289753
0.296296
0.689655
1.02094
0.774011
0.940299
0.960526
1
1.09091
nan
0.828571
1
1.06897
0.907407
0.964789
0.97561
0.753846
0.286364
0.151625
0.157895
0.272358
0.241935
0.814607
0.982036
0.871795
1.06667
1.01408
1.05556
nan
0.891892
1.01887
0.897436
0.952381
1
0.938547
0.409524
0.208889
0.161404
0.173203
0.171521
0.207843
0.541667
1
1.07143
1.0101
0.791667
0.884615
nan
1
1
1.0641
1.01869
0.873494
0.91358
0.276382
0.18107
0.190031
0.180212
0.219512
0.213115
0.37931
0.830097
1.02778
0.991525
1
0.685185
nan
1.05714
1
0.962025
0.862069
1.01389
0.759563
0.253968
0.204633
0.180645
0.197605
0.184564
0.21831
0.482301
1.01648
0.948387
0.980769
1.06154
1
nan
1
1
0.75
0.97
0.921986
1.00629
0.453659
0.275556
0.151625
0.190476
0.238806
0.222222
0.550459
0.873016
1.03704
0.849462
1
1.03922
nan
0.888889
0.904762
1
1.08642
1
1
0.965753
0.550296
0.36612
0.215686
0.244813
0.456853
0.960265
1
1.09402
0.851852
0.9
0.918919
nan
1
0.941176
1.06667
1
1
1
0.969072
1.02069
0.683099
0.697531
0.698795
0.92029
1
0.827586
0.901235
1
0.775
1
nan
0.315789
0.555556
1
1
0.847458
1
0.793103
1.07
0.981982
0.928
0.847328
1
0.978947
1
1.01449
0.693878
0.769231
0.909091
nan
1
0.576923
0.695652
0.777778
0.93617
0.946429
1
0.712644
0.862069
0.780952
1.08451
1
0.728571
0.794118
1
0.967742
0.62069
1
nan
1
0.733333
0.695652
0.75
1
0.970588
1
1
0.759259
1
1
1.02041
0.948718
0.861111
1.07692
0.944444
0.818182
1
nan
0.333333
0.272727
0.818182
1.08333
1.05882
1
1
0.875
0.787879
0.806452
1.02778
1.09677
1
1
1.04762
0.882353
1
0.375
nan
1
0.4
0.222222
1
0.727273
1
1
1
0.625
1
0.666667
0.727273
1
1
0.642857
1
1
1
